11111111111111111111111111111111111111111111111111
11222222222222222222222222222222222222222222222211
12888888888888888888888888888888888888888888888821
12882222222222222222222222222222222222222222228821
12823333333333333333333333333333333333333333332821
12823322222222222222222222222222222222222222332821
12823277777777777777777777777777777777777777232821
12823277222222222222222222222222222222222277232821
12823272666666666666666666666666666666666627232821
12823272662222222222222222222222222222226627232821
12823272620000000000000000000000000000002627232821
12823272620022222222222222222222222222002627232821
12823272620255555555555555555555555555202627232821
12823272620255222222222222222222222255202627232821
12823272620252444444444444444444444425202627232821
12823272620252442222222222222222224425202627232821
12823272620252429999999999999999992425202627232821
12823272620252429922222222222222992425202627232821
12823272620252429211111111111111292425202627232821
12823272620252429211222222222211292425202627232821
12823272620252429212111111111121292425202627232821
12823272620252429212112222221121292425202627232821
12823272620252429212121111112121292425202627232821
12823272620252429212121122112121292425202627232821
12823272620252429212121211212121292425202627232821
12823272620252429212121211212121292425202627232821
12823272620252429212121211212121292425202627232821
12823272620252429212121211212121292425202627232821
12823272620252429212121211212121292425202627232821
12823272620252429212121211212121292425202627232821
12823272620252429212121211212121292425202627232821
12823272620252429212121211212121292425202627232821
12823272620252429212121211212121292425202627232821
12823272620252429212121211212121292425202627232821
12823272620252429212121211212121292425202627232821
12823272620252429212121211212121292425202627232821
12823272620252429212121211212121292425202627232821
12823272620252429212121211212121292425202627232821
12823272620252429212121211212121292425202627232821
12823272620252429212121211212121292425202627232821
12823272620252429212121211212121292425202627232821
12823272620252429212121211212121292425202627232821
12823272620252429212121211212121292425202627232821
12823272620252429212121211212121292425202627232821
12823272620252429212121211212121292425202627232821
12823272620252429212121211212121292425202627232821
12823272620252429212121122112121292425202627232821
12823272620252429212121111112121292425202627232821
12823272620252429212112222221121292425202627232821
12823272620252429212111111111121292425202627232821
12823272620252429211222222222211292425202627232821
12823272620252429211111111111111292425202627232821
12823272620252429922222222222222992425202627232821
12823272620252429999999999999999992425202627232821
12823272620252442222222222222222224425202627232821
12823272620252444444444444444444444425202627232821
12823272620255222222222222222222222255202627232821
12823272620255555555555555555555555555202627232821
12823272620022222222222222222222222222002627232821
12823272620000000000000000000000000000002627232821
12823272662222222222222222222222222222226627232821
12823272666666666666666666666666666666666627232821
12823277222222222222222222222222222222222277232821
12823277777777777777777777777777777777777777232821
12823322222222222222222222222222222222222222332821
12823333333333333333333333333333333333333333332821
12882222222222222222222222222222222222222222228821
12888888888888888888888888888888888888888888888821
11222222222222222222222222222222222222222222222211
11111111111111111111111111111111111111111111111111
